2019-12-07 13:14:51.426052 DEBUG BF_PLTFM Platform-mgr started 

2019-12-07 13:14:51.426262 DEBUG BF_PLTFM cdc_ethernet port is usb0

2019-12-07 13:14:51.983766 DEBUG BF_PLTFM EEPROM DATA FROM BMC 
 {"Information": {"Location on Fabric": "Montara", "Product Sub-Version": "3", "Facebook PCB Part Number": "035-000003-02", "CRC8": "0xed", "System Assembly Part Number": "015-000003-02", "Product Serial Number": "AI23025784", "System Manufacturing Date": "06-11-18", "Local MAC": "3C:2C:99:D5:74:A5", "Assembled At": "Joytech", "ODM PCBA Serial Number": "AI23025126", "Product Asset Tag": "000000001", "Product Name": "Montara", "ODM PCBA Part Number": "NP3ZZ7632023A", "Product Production State": "1", "Product Part Number": "20-000003", "PCB Manufacturer": "ISU", "System Manufacturer": "Joytech", "Extended MAC Address Size": "140", "Facebook PCBA Part Number": "025-000003-02", "Version": "1", "Extended MAC Base": "3C:2C:99:D5:74:9D", "Product Version": "1"}, "Resources": [], "Actions": []}
2019-12-07 13:14:51.983808 DEBUG BF_PLTFM Assembled at: Joytech 

2019-12-07 13:14:51.983820 DEBUG BF_PLTFM CRC8: 14 

2019-12-07 13:14:51.983828 DEBUG BF_PLTFM Extended MAC Address Size: 0 

2019-12-07 13:14:51.983845 DEBUG BF_PLTFM Extended MAC Base 3c:2c:99:d5:74:9d

2019-12-07 13:14:51.983853 DEBUG BF_PLTFM Unable to parse BFN PCB Part Number, Ignoring.

2019-12-07 13:14:51.983859 DEBUG BF_PLTFM Unable to parse BFN PCBA Part Number, Ignoring.

2019-12-07 13:14:51.983866 DEBUG BF_PLTFM Local MAC 3c:2c:99:d5:74:a5

2019-12-07 13:14:51.983873 DEBUG BF_PLTFM Location on Fabric: Montara

2019-12-07 13:14:51.983880 DEBUG BF_PLTFM ODM PCBA Part Number NP3ZZ7632023A 

2019-12-07 13:14:51.983887 DEBUG BF_PLTFM ODM PCBA Serial Number AI23025126 

2019-12-07 13:14:51.983894 DEBUG BF_PLTFM PCB Manufacturer: ISU

2019-12-07 13:14:51.983901 DEBUG BF_PLTFM Product Asset Tag: 000000001

2019-12-07 13:14:51.983907 DEBUG BF_PLTFM Product Name: Montara 

2019-12-07 13:14:51.983914 DEBUG BF_PLTFM Product Number: 20-000003 

2019-12-07 13:14:51.983921 DEBUG BF_PLTFM Product Production State: 0 

2019-12-07 13:14:51.983928 DEBUG BF_PLTFM Product Serial Number: AI23025784 

2019-12-07 13:14:51.983934 DEBUG BF_PLTFM Product Sub-Version: 0 

2019-12-07 13:14:51.983941 DEBUG BF_PLTFM Product Version: 0 

2019-12-07 13:14:51.983951 DEBUG BF_PLTFM EEPROM SUCCESS: Board type : 003234

2019-12-07 13:14:51.983959 DEBUG BF_PLTFM System Manufacturer: Joytech 

2019-12-07 13:14:51.983965 DEBUG BF_PLTFM System Manufacturing Date: 06-11-18 

2019-12-07 13:14:51.983972 DEBUG BF_PLTFM Version: 0 

2019-12-07 13:14:51.985367 DEBUG BF_PLTFM USB Initialized at bf_pltfm_cp2112_open:907

2019-12-07 13:14:51.985396 DEBUG BF_PLTFM No Devices found are 6

2019-12-07 13:14:51.985408 DEBUG BF_PLTFM USB devices found at bf_pltfm_cp2112_open:920

2019-12-07 13:14:51.985444 DEBUG BF_PLTFM USB handle found at bf_pltfm_cp2112_open:935

2019-12-07 13:14:51.985453 DEBUG BF_PLTFM The USB dev is 0x37c2320

2019-12-07 13:14:51.985459 DEBUG BF_PLTFM The USB dev handle is 0x2d2d720

2019-12-07 13:14:51.985468 DEBUG BF_PLTFM Kernel driver auto detach set at bf_pltfm_cp2112_open:957

2019-12-07 13:14:51.985539 DEBUG BF_PLTFM Interface Claimed at bf_pltfm_cp2112_open:969

2019-12-07 13:14:51.985862 DEBUG BF_PLTFM Sm bus initialized bf_pltfm_cp2112_open:982

2019-12-07 13:14:51.991110 DEBUG BF_PLTFM Error waiting for interrupt response with error code Operation timed out at usb_intr_transfer_in;342

2019-12-07 13:14:51.991153 DEBUG BF_PLTFM Number of bytes transferred are 0

2019-12-07 13:14:51.991168 DEBUG BF_PLTFM Ongoing transfers flushed at bf_pltfm_cp2112_open:987

2019-12-07 13:14:51.994746 DEBUG BF_PLTFM Outstanding transfers cancelled bf_pltfm_cp2112_open:992

2019-12-07 13:14:51.994764 DEBUG BF_PLTFM Upper and Lower Devices Differentiated bf_pltfm_cp2112_open:1003

2019-12-07 13:14:52.072794 DEBUG BF_PLTFM pltfm_mgr: health monitor initialized

2019-12-07 13:14:52.073103 DEBUG BF_PLTFM num_ports=33
2019-12-07 13:14:52.073124 DEBUG BF_PLTFM QSFP: Assert RESETL on all QSFPs
2019-12-07 13:14:52.073134 DEBUG BF_PLTFM QSFP:  1 : RESETL = true
2019-12-07 13:14:52.081733 DEBUG BF_PLTFM QSFP:  2 : RESETL = true
2019-12-07 13:14:52.090731 DEBUG BF_PLTFM QSFP:  3 : RESETL = true
2019-12-07 13:14:52.099745 DEBUG BF_PLTFM QSFP:  4 : RESETL = true
2019-12-07 13:14:52.108722 DEBUG BF_PLTFM QSFP:  5 : RESETL = true
2019-12-07 13:14:52.117731 DEBUG BF_PLTFM QSFP:  6 : RESETL = true
2019-12-07 13:14:52.126731 DEBUG BF_PLTFM QSFP:  7 : RESETL = true
2019-12-07 13:14:52.135746 DEBUG BF_PLTFM QSFP:  8 : RESETL = true
2019-12-07 13:14:52.144731 DEBUG BF_PLTFM QSFP:  9 : RESETL = true
2019-12-07 13:14:52.153731 DEBUG BF_PLTFM QSFP: 10 : RESETL = true
2019-12-07 13:14:52.162731 DEBUG BF_PLTFM QSFP: 11 : RESETL = true
2019-12-07 13:14:52.171740 DEBUG BF_PLTFM QSFP: 12 : RESETL = true
2019-12-07 13:14:52.180730 DEBUG BF_PLTFM QSFP: 13 : RESETL = true
2019-12-07 13:14:52.189731 DEBUG BF_PLTFM QSFP: 14 : RESETL = true
2019-12-07 13:14:52.198730 DEBUG BF_PLTFM QSFP: 15 : RESETL = true
2019-12-07 13:14:52.207723 DEBUG BF_PLTFM QSFP: 16 : RESETL = true
2019-12-07 13:14:52.216722 DEBUG BF_PLTFM QSFP: 17 : RESETL = true
2019-12-07 13:14:52.225730 DEBUG BF_PLTFM QSFP: 18 : RESETL = true
2019-12-07 13:14:52.234730 DEBUG BF_PLTFM QSFP: 19 : RESETL = true
2019-12-07 13:14:52.243740 DEBUG BF_PLTFM QSFP: 20 : RESETL = true
2019-12-07 13:14:52.252739 DEBUG BF_PLTFM QSFP: 21 : RESETL = true
2019-12-07 13:14:52.261732 DEBUG BF_PLTFM QSFP: 22 : RESETL = true
2019-12-07 13:14:52.270730 DEBUG BF_PLTFM QSFP: 23 : RESETL = true
2019-12-07 13:14:52.279734 DEBUG BF_PLTFM QSFP: 24 : RESETL = true
2019-12-07 13:14:52.288732 DEBUG BF_PLTFM QSFP: 25 : RESETL = true
2019-12-07 13:14:52.297731 DEBUG BF_PLTFM QSFP: 26 : RESETL = true
2019-12-07 13:14:52.306722 DEBUG BF_PLTFM QSFP: 27 : RESETL = true
2019-12-07 13:14:52.315745 DEBUG BF_PLTFM QSFP: 28 : RESETL = true
2019-12-07 13:14:52.324722 DEBUG BF_PLTFM QSFP: 29 : RESETL = true
2019-12-07 13:14:52.333731 DEBUG BF_PLTFM QSFP: 30 : RESETL = true
2019-12-07 13:14:52.342730 DEBUG BF_PLTFM QSFP: 31 : RESETL = true
2019-12-07 13:14:52.351732 DEBUG BF_PLTFM QSFP: 32 : RESETL = true
2019-12-07 13:14:52.360727 DEBUG BF_PLTFM QSFP: 33 : RESETL = true
2019-12-07 13:14:52.388792 DEBUG BF_PLTFM QSFP: Assert LPMODE and De-assert RESETL on all QSFPs
2019-12-07 13:14:52.388814 DEBUG BF_PLTFM QSFP:  1 : LPMODE = true
2019-12-07 13:14:52.409744 DEBUG BF_PLTFM QSFP:  1 : RESETL = false
2019-12-07 13:14:52.418726 DEBUG BF_PLTFM QSFP:  2 : LPMODE = true
2019-12-07 13:14:52.439727 DEBUG BF_PLTFM QSFP:  2 : RESETL = false
2019-12-07 13:14:52.448736 DEBUG BF_PLTFM QSFP:  3 : LPMODE = true
2019-12-07 13:14:52.469727 DEBUG BF_PLTFM QSFP:  3 : RESETL = false
2019-12-07 13:14:52.478736 DEBUG BF_PLTFM QSFP:  4 : LPMODE = true
2019-12-07 13:14:52.499747 DEBUG BF_PLTFM QSFP:  4 : RESETL = false
2019-12-07 13:14:52.508735 DEBUG BF_PLTFM QSFP:  5 : LPMODE = true
2019-12-07 13:14:52.529735 DEBUG BF_PLTFM QSFP:  5 : RESETL = false
2019-12-07 13:14:52.538751 DEBUG BF_PLTFM QSFP:  6 : LPMODE = true
2019-12-07 13:14:52.559737 DEBUG BF_PLTFM QSFP:  6 : RESETL = false
2019-12-07 13:14:52.568735 DEBUG BF_PLTFM QSFP:  7 : LPMODE = true
2019-12-07 13:14:52.589727 DEBUG BF_PLTFM QSFP:  7 : RESETL = false
2019-12-07 13:14:52.598735 DEBUG BF_PLTFM QSFP:  8 : LPMODE = true
2019-12-07 13:14:52.619726 DEBUG BF_PLTFM QSFP:  8 : RESETL = false
2019-12-07 13:14:52.628742 DEBUG BF_PLTFM QSFP:  9 : LPMODE = true
2019-12-07 13:14:52.649735 DEBUG BF_PLTFM QSFP:  9 : RESETL = false
2019-12-07 13:14:52.658736 DEBUG BF_PLTFM QSFP: 10 : LPMODE = true
2019-12-07 13:14:52.679731 DEBUG BF_PLTFM QSFP: 10 : RESETL = false
2019-12-07 13:14:52.688736 DEBUG BF_PLTFM QSFP: 11 : LPMODE = true
2019-12-07 13:14:52.709727 DEBUG BF_PLTFM QSFP: 11 : RESETL = false
2019-12-07 13:14:52.718743 DEBUG BF_PLTFM QSFP: 12 : LPMODE = true
2019-12-07 13:14:52.739727 DEBUG BF_PLTFM QSFP: 12 : RESETL = false
2019-12-07 13:14:52.748736 DEBUG BF_PLTFM QSFP: 13 : LPMODE = true
2019-12-07 13:14:52.769736 DEBUG BF_PLTFM QSFP: 13 : RESETL = false
2019-12-07 13:14:52.778737 DEBUG BF_PLTFM QSFP: 14 : LPMODE = true
2019-12-07 13:14:52.799728 DEBUG BF_PLTFM QSFP: 14 : RESETL = false
2019-12-07 13:14:52.808736 DEBUG BF_PLTFM QSFP: 15 : LPMODE = true
2019-12-07 13:14:52.829736 DEBUG BF_PLTFM QSFP: 15 : RESETL = false
2019-12-07 13:14:52.838736 DEBUG BF_PLTFM QSFP: 16 : LPMODE = true
2019-12-07 13:14:52.859728 DEBUG BF_PLTFM QSFP: 16 : RESETL = false
2019-12-07 13:14:52.868736 DEBUG BF_PLTFM QSFP: 17 : LPMODE = true
2019-12-07 13:14:52.889737 DEBUG BF_PLTFM QSFP: 17 : RESETL = false
2019-12-07 13:14:52.898732 DEBUG BF_PLTFM QSFP: 18 : LPMODE = true
2019-12-07 13:14:52.919733 DEBUG BF_PLTFM QSFP: 18 : RESETL = false
2019-12-07 13:14:52.928739 DEBUG BF_PLTFM QSFP: 19 : LPMODE = true
2019-12-07 13:14:52.949733 DEBUG BF_PLTFM QSFP: 19 : RESETL = false
2019-12-07 13:14:52.958733 DEBUG BF_PLTFM QSFP: 20 : LPMODE = true
2019-12-07 13:14:52.979731 DEBUG BF_PLTFM QSFP: 20 : RESETL = false
2019-12-07 13:14:52.988733 DEBUG BF_PLTFM QSFP: 21 : LPMODE = true
2019-12-07 13:14:53.009724 DEBUG BF_PLTFM QSFP: 21 : RESETL = false
2019-12-07 13:14:53.018732 DEBUG BF_PLTFM QSFP: 22 : LPMODE = true
2019-12-07 13:14:53.039743 DEBUG BF_PLTFM QSFP: 22 : RESETL = false
2019-12-07 13:14:53.048729 DEBUG BF_PLTFM QSFP: 23 : LPMODE = true
2019-12-07 13:14:53.069738 DEBUG BF_PLTFM QSFP: 23 : RESETL = false
2019-12-07 13:14:53.078737 DEBUG BF_PLTFM QSFP: 24 : LPMODE = true
2019-12-07 13:14:53.099738 DEBUG BF_PLTFM QSFP: 24 : RESETL = false
2019-12-07 13:14:53.108736 DEBUG BF_PLTFM QSFP: 25 : LPMODE = true
2019-12-07 13:14:53.129753 DEBUG BF_PLTFM QSFP: 25 : RESETL = false
2019-12-07 13:14:53.138747 DEBUG BF_PLTFM QSFP: 26 : LPMODE = true
2019-12-07 13:14:53.159738 DEBUG BF_PLTFM QSFP: 26 : RESETL = false
2019-12-07 13:14:53.168736 DEBUG BF_PLTFM QSFP: 27 : LPMODE = true
2019-12-07 13:14:53.189738 DEBUG BF_PLTFM QSFP: 27 : RESETL = false
2019-12-07 13:14:53.198737 DEBUG BF_PLTFM QSFP: 28 : LPMODE = true
2019-12-07 13:14:53.219747 DEBUG BF_PLTFM QSFP: 28 : RESETL = false
2019-12-07 13:14:53.228728 DEBUG BF_PLTFM QSFP: 29 : LPMODE = true
2019-12-07 13:14:53.249737 DEBUG BF_PLTFM QSFP: 29 : RESETL = false
2019-12-07 13:14:53.258737 DEBUG BF_PLTFM QSFP: 30 : LPMODE = true
2019-12-07 13:14:53.279739 DEBUG BF_PLTFM QSFP: 30 : RESETL = false
2019-12-07 13:14:53.288737 DEBUG BF_PLTFM QSFP: 31 : LPMODE = true
2019-12-07 13:14:53.309737 DEBUG BF_PLTFM QSFP: 31 : RESETL = false
2019-12-07 13:14:53.318737 DEBUG BF_PLTFM QSFP: 32 : LPMODE = true
2019-12-07 13:14:53.339738 DEBUG BF_PLTFM QSFP: 32 : RESETL = false
2019-12-07 13:14:53.348737 DEBUG BF_PLTFM QSFP: 33 : LPMODE = true
2019-12-07 13:14:53.375730 DEBUG BF_PLTFM QSFP: 33 : RESETL = false
2019-12-07 13:14:53.402731 DEBUG BF_PLTFM QSFP: Wait 2 sec (t_reset) for QSFPs to initialize..
2019-12-07 13:14:55.496827 INFO  BF_TM TM: Registered for device and port discovery
2019-12-07 13:14:55.557048 INFO  BF_DVM bf_pktmgr_device_add dev id 0, is_sw_model 0
2019-12-07 13:14:55.557260 DEBUG BF_LLD  Efuse settings:
2019-12-07 13:14:55.557271 DEBUG BF_LLD                0 : resubmit_disable
2019-12-07 13:14:55.557278 DEBUG BF_LLD                0 : mau_tcam_reduction
2019-12-07 13:14:55.557285 DEBUG BF_LLD                0 : mau_sram_reduction
2019-12-07 13:14:55.557292 DEBUG BF_LLD                0 : packet_generator_disable
2019-12-07 13:14:55.557298 DEBUG BF_LLD                9 : pipe_disable
2019-12-07 13:14:55.557304 DEBUG BF_LLD                0 : mau_stage_disable
2019-12-07 13:14:55.557314 DEBUG BF_LLD 0000000000000000 : port_disable (hi)
2019-12-07 13:14:55.557323 DEBUG BF_LLD 5555555555555555 : port_disable (lo)
2019-12-07 13:14:55.557329 DEBUG BF_LLD 0000000600000000 : tm_memory_disable
2019-12-07 13:14:55.557336 DEBUG BF_LLD                0 : port_speed_reduction
2019-12-07 13:14:55.557342 DEBUG BF_LLD                0 : cpu_port_speed_reduction
2019-12-07 13:14:55.557348 DEBUG BF_LLD                0 : pcie_lane_reduction
2019-12-07 13:14:55.557355 DEBUG BF_LLD                0 : baresync_disable
2019-12-07 13:14:55.557361 DEBUG BF_LLD                0 : frequency_reduction
2019-12-07 13:14:55.557367 DEBUG BF_LLD                0 : frequency_check_disable
2019-12-07 13:14:55.557385 DEBUG BF_LLD                0 : versioning
2019-12-07 13:14:55.557392 DEBUG BF_LLD                8 : chip_part_number
2019-12-07 13:14:55.557398 DEBUG BF_LLD                1 : part_revision_number
2019-12-07 13:14:55.557404 DEBUG BF_LLD                0 : package_id
2019-12-07 13:14:55.557411 DEBUG BF_LLD                0 : silent_spin
2019-12-07 13:14:55.557417 DEBUG BF_LLD 086078b06d227885 : chip_id
2019-12-07 13:14:55.557423 DEBUG BF_LLD              e42 : pmro_and_skew
2019-12-07 13:14:55.557430 DEBUG BF_LLD                1 : voltage_scaling
2019-12-07 13:14:55.557437 DEBUG BF_LLD Wafer-id: PGHK04-W15-X3-Y8
2019-12-07 13:14:55.557456 DEBUG BF_LLD TCU: 0 : Flush..
2019-12-07 13:14:55.560166 DEBUG BF_LLD tcu_wrack register value on dev=0. Val : 0x1
2019-12-07 13:14:55.560204 DEBUG BF_LLD tcu_status register value on dev=0. Val : 0x201
2019-12-07 13:14:55.560218 DEBUG BF_LLD TCU: 0 : Flush done
2019-12-07 13:14:55.560231 DEBUG BF_LLD TCU: 0 : Repair..
2019-12-07 13:14:55.560875 DEBUG BF_LLD tcu_wrack register value on dev=0. Val : 0x1
2019-12-07 13:14:55.561061 DEBUG BF_LLD tcu_status register value on dev=0. Val : 0x201
2019-12-07 13:14:55.563867 DEBUG BF_LLD tcu_wrack register value on dev=0. Val : 0x1
2019-12-07 13:14:55.564041 DEBUG BF_LLD tcu_status register value on dev=0. Val : 0x1
2019-12-07 13:14:55.566251 DEBUG BF_LLD tcu_wrack register value on dev=0. Val : 0x1
2019-12-07 13:14:55.566418 DEBUG BF_LLD tcu_status register value on dev=0. Val : 0xffffffff
2019-12-07 13:14:55.567010 DEBUG BF_LLD tcu_wrack register value on dev=0. Val : 0x1
2019-12-07 13:14:55.567199 DEBUG BF_LLD tcu_status register value on dev=0. Val : 0x201
2019-12-07 13:14:55.567858 DEBUG BF_LLD tcu_wrack register value on dev=0. Val : 0x1
2019-12-07 13:14:55.568024 DEBUG BF_LLD tcu_status register value on dev=0. Val : 0x0
2019-12-07 13:14:55.568504 DEBUG BF_LLD tcu_wrack register value on dev=0. Val : 0x1
2019-12-07 13:14:55.568640 DEBUG BF_LLD tcu_status register value on dev=0. Val : 0x201
2019-12-07 13:14:55.569157 DEBUG BF_LLD tcu_wrack register value on dev=0. Val : 0x1
2019-12-07 13:14:55.569333 DEBUG BF_LLD tcu_status register value on dev=0. Val : 0x2
2019-12-07 13:14:55.569828 DEBUG BF_LLD tcu_wrack register value on dev=0. Val : 0x1
2019-12-07 13:14:55.569999 DEBUG BF_LLD tcu_status register value on dev=0. Val : 0x201
2019-12-07 13:14:55.570483 DEBUG BF_LLD tcu_wrack register value on dev=0. Val : 0x1
2019-12-07 13:14:55.570644 DEBUG BF_LLD tcu_status register value on dev=0. Val : 0x42
2019-12-07 13:14:55.671041 DEBUG BF_LLD tcu_wrack register value on dev=0. Val : 0x1
2019-12-07 13:14:55.671052 DEBUG BF_LLD tcu_status register value on dev=0. Val : 0x201
2019-12-07 13:14:55.671368 DEBUG BF_LLD tcu_wrack register value on dev=0. Val : 0x1
2019-12-07 13:14:55.671376 DEBUG BF_LLD tcu_status register value on dev=0. Val : 0x22
2019-12-07 13:14:55.686639 DEBUG BF_LLD TCU: 0 : Repair done.
2019-12-07 13:14:55.686652 DEBUG BF_LLD EFUSE: Set core clk to 1.271Ghz, dev=0
2019-12-07 13:14:55.794690 DEBUG BF_LLD Core PLL has not locked even after 100 ms; PLL Lock chip 0 dbg_rst 1f8
2019-12-07 13:14:55.794717 DEBUG BF_LLD [Unreset] Done after 1 polls
2019-12-07 13:14:55.796995 INFO  BF_DVM bf_device_add dev id 0, is_sw_model 0
2019-12-07 13:14:55.797016 INFO  BF_PORT set chip part revision number, dev 0, part rev 1
2019-12-07 13:14:55.797046 DEBUG BF_PORT 0:-:-: sbus master fw: 101d_2001
2019-12-07 13:14:55.797056 DEBUG BF_PORT 0:-:-: PCIe serdes fw: 1066_2147
2019-12-07 13:14:55.797063 DEBUG BF_PORT 0:-:-:      serdes fw: 1087_244d
2019-12-07 13:14:55.803034 DEBUG BF_PORT SDS: SBMs disabled. No FW upload
2019-12-07 13:14:55.803153 DEBUG BF_PORT SDS: SBus CLK divider set to 5 (x32 mode)
2019-12-07 13:14:55.803167 DEBUG BF_PORT 0:0:3 : PCIe access : addr=3h : reg=fdh : cmd=Read
2019-12-07 13:14:55.803235 DEBUG BF_PORT 0:0:3 : PCIe access : addr=3h : reg=fdh : cmd=write
2019-12-07 13:14:55.803294 DEBUG BF_PORT 0:0:5 : PCIe access : addr=5h : reg=fdh : cmd=Read
2019-12-07 13:14:55.803356 DEBUG BF_PORT 0:0:5 : PCIe access : addr=5h : reg=fdh : cmd=write
2019-12-07 13:14:55.803424 DEBUG BF_PORT 0:0:7 : PCIe access : addr=7h : reg=fdh : cmd=Read
2019-12-07 13:14:55.803486 DEBUG BF_PORT 0:0:7 : PCIe access : addr=7h : reg=fdh : cmd=write
2019-12-07 13:14:55.803546 DEBUG BF_PORT 0:0:9 : PCIe access : addr=9h : reg=fdh : cmd=Read
2019-12-07 13:14:55.803608 DEBUG BF_PORT 0:0:9 : PCIe access : addr=9h : reg=fdh : cmd=write
2019-12-07 13:14:55.803666 DEBUG BF_PORT SDS: 0:0:255: FW load: broadcast
2019-12-07 13:14:55.803675 DEBUG BF_PORT SDS:         : FW path: /root/bf-sde-8.2.0/install/share/tofino_sds_fw/avago/firmware/serdes.0x1087_244D.rom
2019-12-07 13:14:55.803682 DEBUG BF_PORT SDS:         : FW ver : 1087
2019-12-07 13:14:55.807119 DEBUG BF_PORT 0:0:1 : PCIe access : addr=1h : reg=ffh : cmd=Read
2019-12-07 13:14:55.807193 DEBUG BF_PORT 0:0:2 : PCIe access : addr=2h : reg=ffh : cmd=Read
2019-12-07 13:14:55.807256 DEBUG BF_PORT 0:0:3 : PCIe access : addr=3h : reg=ffh : cmd=Read
2019-12-07 13:14:55.807321 DEBUG BF_PORT 0:0:3 : Errant PCIe access : addr=3h : reg=0h : cmd=Read
2019-12-07 13:14:55.807332 DEBUG BF_PORT 0:0:3 : Errant PCIe access : addr=3h : reg=1h : cmd=write
2019-12-07 13:14:55.807341 DEBUG BF_PORT 0:0:3 : PCIe access : addr=3h : reg=fdh : cmd=Read
2019-12-07 13:14:55.807409 DEBUG BF_PORT 0:0:4 : PCIe access : addr=4h : reg=ffh : cmd=Read
2019-12-07 13:14:55.807471 DEBUG BF_PORT 0:0:5 : PCIe access : addr=5h : reg=ffh : cmd=Read
2019-12-07 13:14:55.807534 DEBUG BF_PORT 0:0:5 : Errant PCIe access : addr=5h : reg=0h : cmd=Read
2019-12-07 13:14:55.807542 DEBUG BF_PORT 0:0:5 : Errant PCIe access : addr=5h : reg=1h : cmd=write
2019-12-07 13:14:55.807550 DEBUG BF_PORT 0:0:5 : PCIe access : addr=5h : reg=fdh : cmd=Read
2019-12-07 13:14:55.807613 DEBUG BF_PORT 0:0:6 : PCIe access : addr=6h : reg=ffh : cmd=Read
2019-12-07 13:14:55.807675 DEBUG BF_PORT 0:0:7 : PCIe access : addr=7h : reg=ffh : cmd=Read
2019-12-07 13:14:55.807740 DEBUG BF_PORT 0:0:7 : Errant PCIe access : addr=7h : reg=0h : cmd=Read
2019-12-07 13:14:55.807748 DEBUG BF_PORT 0:0:7 : Errant PCIe access : addr=7h : reg=1h : cmd=write
2019-12-07 13:14:55.807756 DEBUG BF_PORT 0:0:7 : PCIe access : addr=7h : reg=fdh : cmd=Read
2019-12-07 13:14:55.807819 DEBUG BF_PORT 0:0:8 : PCIe access : addr=8h : reg=ffh : cmd=Read
2019-12-07 13:14:55.807881 DEBUG BF_PORT 0:0:9 : PCIe access : addr=9h : reg=ffh : cmd=Read
2019-12-07 13:14:55.807943 DEBUG BF_PORT 0:0:9 : Errant PCIe access : addr=9h : reg=0h : cmd=Read
2019-12-07 13:14:55.807951 DEBUG BF_PORT 0:0:9 : Errant PCIe access : addr=9h : reg=1h : cmd=write
2019-12-07 13:14:55.807959 DEBUG BF_PORT 0:0:9 : PCIe access : addr=9h : reg=fdh : cmd=Read
2019-12-07 13:14:55.808022 DEBUG BF_PORT 0:0:10 : PCIe access : addr=ah : reg=ffh : cmd=Read
2019-12-07 13:14:56.305636 DEBUG BF_PORT 0:0:3 : PCIe access : addr=3h : reg=fdh : cmd=Read
2019-12-07 13:14:56.305716 DEBUG BF_PORT 0:0:5 : PCIe access : addr=5h : reg=fdh : cmd=Read
2019-12-07 13:14:56.306852 DEBUG BF_PORT 0:0:7 : PCIe access : addr=7h : reg=fdh : cmd=Read
2019-12-07 13:14:56.306923 DEBUG BF_PORT 0:0:9 : PCIe access : addr=9h : reg=fdh : cmd=Read
2019-12-07 13:14:56.773007 DEBUG BF_PORT SDS: 0:0:11: FW load : bcast failed: try ucast: exp=1087 : got=0
2019-12-07 13:14:56.773024 DEBUG BF_PORT SDS: 0:0:11: FW load: ucast
2019-12-07 13:14:56.773031 DEBUG BF_PORT SDS:         : FW path: /root/bf-sde-8.2.0/install/share/tofino_sds_fw/avago/firmware/serdes.0x1087_244D.rom
2019-12-07 13:14:56.773038 DEBUG BF_PORT SDS:         : FW ver : 1087
2019-12-07 13:14:57.172872 DEBUG BF_PORT SDS: 0:0:12: FW load : bcast failed: try ucast: exp=1087 : got=0
2019-12-07 13:14:57.172892 DEBUG BF_PORT SDS: 0:0:12: FW load: ucast
2019-12-07 13:14:57.172899 DEBUG BF_PORT SDS:         : FW path: /root/bf-sde-8.2.0/install/share/tofino_sds_fw/avago/firmware/serdes.0x1087_244D.rom
2019-12-07 13:14:57.172905 DEBUG BF_PORT SDS:         : FW ver : 1087
2019-12-07 13:14:57.572693 DEBUG BF_PORT SDS: 0:0:13: FW load : bcast failed: try ucast: exp=1087 : got=0
2019-12-07 13:14:57.572708 DEBUG BF_PORT SDS: 0:0:13: FW load: ucast
2019-12-07 13:14:57.572726 DEBUG BF_PORT SDS:         : FW path: /root/bf-sde-8.2.0/install/share/tofino_sds_fw/avago/firmware/serdes.0x1087_244D.rom
2019-12-07 13:14:57.572733 DEBUG BF_PORT SDS:         : FW ver : 1087
2019-12-07 13:14:57.972522 DEBUG BF_PORT SDS: 0:0:14: FW load : bcast failed: try ucast: exp=1087 : got=0
2019-12-07 13:14:57.972537 DEBUG BF_PORT SDS: 0:0:14: FW load: ucast
2019-12-07 13:14:57.972543 DEBUG BF_PORT SDS:         : FW path: /root/bf-sde-8.2.0/install/share/tofino_sds_fw/avago/firmware/serdes.0x1087_244D.rom
2019-12-07 13:14:57.972549 DEBUG BF_PORT SDS:         : FW ver : 1087
2019-12-07 13:14:58.374096 DEBUG BF_PORT SDS: 0:0:19: FW load : bcast failed: try ucast: exp=1087 : got=0
2019-12-07 13:14:58.374114 DEBUG BF_PORT SDS: 0:0:19: FW load: ucast
2019-12-07 13:14:58.374121 DEBUG BF_PORT SDS:         : FW path: /root/bf-sde-8.2.0/install/share/tofino_sds_fw/avago/firmware/serdes.0x1087_244D.rom
2019-12-07 13:14:58.374127 DEBUG BF_PORT SDS:         : FW ver : 1087
2019-12-07 13:14:58.773876 DEBUG BF_PORT SDS: 0:0:20: FW load : bcast failed: try ucast: exp=1087 : got=0
2019-12-07 13:14:58.773891 DEBUG BF_PORT SDS: 0:0:20: FW load: ucast
2019-12-07 13:14:58.773897 DEBUG BF_PORT SDS:         : FW path: /root/bf-sde-8.2.0/install/share/tofino_sds_fw/avago/firmware/serdes.0x1087_244D.rom
2019-12-07 13:14:58.773904 DEBUG BF_PORT SDS:         : FW ver : 1087
2019-12-07 13:14:59.173653 DEBUG BF_PORT SDS: 0:0:21: FW load : bcast failed: try ucast: exp=1087 : got=0
2019-12-07 13:14:59.173671 DEBUG BF_PORT SDS: 0:0:21: FW load: ucast
2019-12-07 13:14:59.173678 DEBUG BF_PORT SDS:         : FW path: /root/bf-sde-8.2.0/install/share/tofino_sds_fw/avago/firmware/serdes.0x1087_244D.rom
2019-12-07 13:14:59.173684 DEBUG BF_PORT SDS:         : FW ver : 1087
2019-12-07 13:14:59.573452 DEBUG BF_PORT SDS: 0:0:22: FW load : bcast failed: try ucast: exp=1087 : got=0
2019-12-07 13:14:59.573467 DEBUG BF_PORT SDS: 0:0:22: FW load: ucast
2019-12-07 13:14:59.573474 DEBUG BF_PORT SDS:         : FW path: /root/bf-sde-8.2.0/install/share/tofino_sds_fw/avago/firmware/serdes.0x1087_244D.rom
2019-12-07 13:14:59.573480 DEBUG BF_PORT SDS:         : FW ver : 1087
2019-12-07 13:14:59.974933 DEBUG BF_PORT SDS: 0:0:27: FW load : bcast failed: try ucast: exp=1087 : got=0
2019-12-07 13:14:59.974948 DEBUG BF_PORT SDS: 0:0:27: FW load: ucast
2019-12-07 13:14:59.974954 DEBUG BF_PORT SDS:         : FW path: /root/bf-sde-8.2.0/install/share/tofino_sds_fw/avago/firmware/serdes.0x1087_244D.rom
2019-12-07 13:14:59.974961 DEBUG BF_PORT SDS:         : FW ver : 1087
2019-12-07 13:15:00.374715 DEBUG BF_PORT SDS: 0:0:28: FW load : bcast failed: try ucast: exp=1087 : got=0
2019-12-07 13:15:00.374733 DEBUG BF_PORT SDS: 0:0:28: FW load: ucast
2019-12-07 13:15:00.374740 DEBUG BF_PORT SDS:         : FW path: /root/bf-sde-8.2.0/install/share/tofino_sds_fw/avago/firmware/serdes.0x1087_244D.rom
2019-12-07 13:15:00.374746 DEBUG BF_PORT SDS:         : FW ver : 1087
2019-12-07 13:15:00.774483 DEBUG BF_PORT SDS: 0:0:29: FW load : bcast failed: try ucast: exp=1087 : got=0
2019-12-07 13:15:00.774498 DEBUG BF_PORT SDS: 0:0:29: FW load: ucast
2019-12-07 13:15:00.774504 DEBUG BF_PORT SDS:         : FW path: /root/bf-sde-8.2.0/install/share/tofino_sds_fw/avago/firmware/serdes.0x1087_244D.rom
2019-12-07 13:15:00.774510 DEBUG BF_PORT SDS:         : FW ver : 1087
2019-12-07 13:15:01.174272 DEBUG BF_PORT SDS: 0:0:30: FW load : bcast failed: try ucast: exp=1087 : got=0
2019-12-07 13:15:01.174289 DEBUG BF_PORT SDS: 0:0:30: FW load: ucast
2019-12-07 13:15:01.174296 DEBUG BF_PORT SDS:         : FW path: /root/bf-sde-8.2.0/install/share/tofino_sds_fw/avago/firmware/serdes.0x1087_244D.rom
2019-12-07 13:15:01.174302 DEBUG BF_PORT SDS:         : FW ver : 1087
2019-12-07 13:15:01.575860 DEBUG BF_PORT SDS: 0:0:35: FW load : bcast failed: try ucast: exp=1087 : got=0
2019-12-07 13:15:01.575879 DEBUG BF_PORT SDS: 0:0:35: FW load: ucast
2019-12-07 13:15:01.575886 DEBUG BF_PORT SDS:         : FW path: /root/bf-sde-8.2.0/install/share/tofino_sds_fw/avago/firmware/serdes.0x1087_244D.rom
2019-12-07 13:15:01.575901 DEBUG BF_PORT SDS:         : FW ver : 1087
2019-12-07 13:15:01.975657 DEBUG BF_PORT SDS: 0:0:36: FW load : bcast failed: try ucast: exp=1087 : got=0
2019-12-07 13:15:01.975672 DEBUG BF_PORT SDS: 0:0:36: FW load: ucast
2019-12-07 13:15:01.975678 DEBUG BF_PORT SDS:         : FW path: /root/bf-sde-8.2.0/install/share/tofino_sds_fw/avago/firmware/serdes.0x1087_244D.rom
2019-12-07 13:15:01.975685 DEBUG BF_PORT SDS:         : FW ver : 1087
2019-12-07 13:15:02.375406 DEBUG BF_PORT SDS: 0:0:37: FW load : bcast failed: try ucast: exp=1087 : got=0
2019-12-07 13:15:02.375424 DEBUG BF_PORT SDS: 0:0:37: FW load: ucast
2019-12-07 13:15:02.375433 DEBUG BF_PORT SDS:         : FW path: /root/bf-sde-8.2.0/install/share/tofino_sds_fw/avago/firmware/serdes.0x1087_244D.rom
2019-12-07 13:15:02.375440 DEBUG BF_PORT SDS:         : FW ver : 1087
2019-12-07 13:15:02.775193 DEBUG BF_PORT SDS: 0:0:38: FW load : bcast failed: try ucast: exp=1087 : got=0
2019-12-07 13:15:02.775208 DEBUG BF_PORT SDS: 0:0:38: FW load: ucast
2019-12-07 13:15:02.775215 DEBUG BF_PORT SDS:         : FW path: /root/bf-sde-8.2.0/install/share/tofino_sds_fw/avago/firmware/serdes.0x1087_244D.rom
2019-12-07 13:15:02.775221 DEBUG BF_PORT SDS:         : FW ver : 1087
2019-12-07 13:15:03.176729 DEBUG BF_PORT SDS: 0:0:44: FW load : bcast failed: try ucast: exp=1087 : got=0
2019-12-07 13:15:03.176746 DEBUG BF_PORT SDS: 0:0:44: FW load: ucast
2019-12-07 13:15:03.176753 DEBUG BF_PORT SDS:         : FW path: /root/bf-sde-8.2.0/install/share/tofino_sds_fw/avago/firmware/serdes.0x1087_244D.rom
2019-12-07 13:15:03.176759 DEBUG BF_PORT SDS:         : FW ver : 1087
2019-12-07 13:15:03.576496 DEBUG BF_PORT SDS: 0:0:45: FW load : bcast failed: try ucast: exp=1087 : got=0
2019-12-07 13:15:03.576510 DEBUG BF_PORT SDS: 0:0:45: FW load: ucast
2019-12-07 13:15:03.576517 DEBUG BF_PORT SDS:         : FW path: /root/bf-sde-8.2.0/install/share/tofino_sds_fw/avago/firmware/serdes.0x1087_244D.rom
2019-12-07 13:15:03.576523 DEBUG BF_PORT SDS:         : FW ver : 1087
2019-12-07 13:15:03.976270 DEBUG BF_PORT SDS: 0:0:46: FW load : bcast failed: try ucast: exp=1087 : got=0
2019-12-07 13:15:03.976285 DEBUG BF_PORT SDS: 0:0:46: FW load: ucast
2019-12-07 13:15:03.976291 DEBUG BF_PORT SDS:         : FW path: /root/bf-sde-8.2.0/install/share/tofino_sds_fw/avago/firmware/serdes.0x1087_244D.rom
2019-12-07 13:15:03.976297 DEBUG BF_PORT SDS:         : FW ver : 1087
2019-12-07 13:15:04.376022 DEBUG BF_PORT SDS: 0:0:47: FW load : bcast failed: try ucast: exp=1087 : got=0
2019-12-07 13:15:04.376039 DEBUG BF_PORT SDS: 0:0:47: FW load: ucast
2019-12-07 13:15:04.376046 DEBUG BF_PORT SDS:         : FW path: /root/bf-sde-8.2.0/install/share/tofino_sds_fw/avago/firmware/serdes.0x1087_244D.rom
2019-12-07 13:15:04.376052 DEBUG BF_PORT SDS:         : FW ver : 1087
2019-12-07 13:15:04.777546 DEBUG BF_PORT SDS: 0:0:52: FW load : bcast failed: try ucast: exp=1087 : got=0
2019-12-07 13:15:04.777560 DEBUG BF_PORT SDS: 0:0:52: FW load: ucast
2019-12-07 13:15:04.777567 DEBUG BF_PORT SDS:         : FW path: /root/bf-sde-8.2.0/install/share/tofino_sds_fw/avago/firmware/serdes.0x1087_244D.rom
2019-12-07 13:15:04.777573 DEBUG BF_PORT SDS:         : FW ver : 1087
2019-12-07 13:15:05.177304 DEBUG BF_PORT SDS: 0:0:53: FW load : bcast failed: try ucast: exp=1087 : got=0
2019-12-07 13:15:05.177321 DEBUG BF_PORT SDS: 0:0:53: FW load: ucast
2019-12-07 13:15:05.177327 DEBUG BF_PORT SDS:         : FW path: /root/bf-sde-8.2.0/install/share/tofino_sds_fw/avago/firmware/serdes.0x1087_244D.rom
2019-12-07 13:15:05.177333 DEBUG BF_PORT SDS:         : FW ver : 1087
2019-12-07 13:15:05.577094 DEBUG BF_PORT SDS: 0:0:54: FW load : bcast failed: try ucast: exp=1087 : got=0
2019-12-07 13:15:05.577109 DEBUG BF_PORT SDS: 0:0:54: FW load: ucast
2019-12-07 13:15:05.577115 DEBUG BF_PORT SDS:         : FW path: /root/bf-sde-8.2.0/install/share/tofino_sds_fw/avago/firmware/serdes.0x1087_244D.rom
2019-12-07 13:15:05.577121 DEBUG BF_PORT SDS:         : FW ver : 1087
2019-12-07 13:15:05.976866 DEBUG BF_PORT SDS: 0:0:55: FW load : bcast failed: try ucast: exp=1087 : got=0
2019-12-07 13:15:05.976888 DEBUG BF_PORT SDS: 0:0:55: FW load: ucast
2019-12-07 13:15:05.976895 DEBUG BF_PORT SDS:         : FW path: /root/bf-sde-8.2.0/install/share/tofino_sds_fw/avago/firmware/serdes.0x1087_244D.rom
2019-12-07 13:15:05.976901 DEBUG BF_PORT SDS:         : FW ver : 1087
2019-12-07 13:15:06.378367 DEBUG BF_PORT SDS: 0:0:60: FW load : bcast failed: try ucast: exp=1087 : got=0
2019-12-07 13:15:06.378385 DEBUG BF_PORT SDS: 0:0:60: FW load: ucast
2019-12-07 13:15:06.378392 DEBUG BF_PORT SDS:         : FW path: /root/bf-sde-8.2.0/install/share/tofino_sds_fw/avago/firmware/serdes.0x1087_244D.rom
2019-12-07 13:15:06.378398 DEBUG BF_PORT SDS:         : FW ver : 1087
2019-12-07 13:15:06.778134 DEBUG BF_PORT SDS: 0:0:61: FW load : bcast failed: try ucast: exp=1087 : got=0
2019-12-07 13:15:06.778153 DEBUG BF_PORT SDS: 0:0:61: FW load: ucast
2019-12-07 13:15:06.778159 DEBUG BF_PORT SDS:         : FW path: /root/bf-sde-8.2.0/install/share/tofino_sds_fw/avago/firmware/serdes.0x1087_244D.rom
2019-12-07 13:15:06.778166 DEBUG BF_PORT SDS:         : FW ver : 1087
2019-12-07 13:15:07.177914 DEBUG BF_PORT SDS: 0:0:62: FW load : bcast failed: try ucast: exp=1087 : got=0
2019-12-07 13:15:07.177932 DEBUG BF_PORT SDS: 0:0:62: FW load: ucast
2019-12-07 13:15:07.177938 DEBUG BF_PORT SDS:         : FW path: /root/bf-sde-8.2.0/install/share/tofino_sds_fw/avago/firmware/serdes.0x1087_244D.rom
2019-12-07 13:15:07.177947 DEBUG BF_PORT SDS:         : FW ver : 1087
2019-12-07 13:15:07.577677 DEBUG BF_PORT SDS: 0:0:63: FW load : bcast failed: try ucast: exp=1087 : got=0
2019-12-07 13:15:07.577692 DEBUG BF_PORT SDS: 0:0:63: FW load: ucast
2019-12-07 13:15:07.577699 DEBUG BF_PORT SDS:         : FW path: /root/bf-sde-8.2.0/install/share/tofino_sds_fw/avago/firmware/serdes.0x1087_244D.rom
2019-12-07 13:15:07.577705 DEBUG BF_PORT SDS:         : FW ver : 1087
2019-12-07 13:15:07.979185 DEBUG BF_PORT SDS: 0:0:68: FW load : bcast failed: try ucast: exp=1087 : got=0
2019-12-07 13:15:07.979199 DEBUG BF_PORT SDS: 0:0:68: FW load: ucast
2019-12-07 13:15:07.979205 DEBUG BF_PORT SDS:         : FW path: /root/bf-sde-8.2.0/install/share/tofino_sds_fw/avago/firmware/serdes.0x1087_244D.rom
2019-12-07 13:15:07.979212 DEBUG BF_PORT SDS:         : FW ver : 1087
2019-12-07 13:15:08.378942 DEBUG BF_PORT SDS: 0:0:69: FW load : bcast failed: try ucast: exp=1087 : got=0
2019-12-07 13:15:08.378959 DEBUG BF_PORT SDS: 0:0:69: FW load: ucast
2019-12-07 13:15:08.378965 DEBUG BF_PORT SDS:         : FW path: /root/bf-sde-8.2.0/install/share/tofino_sds_fw/avago/firmware/serdes.0x1087_244D.rom
2019-12-07 13:15:08.378972 DEBUG BF_PORT SDS:         : FW ver : 1087
2019-12-07 13:15:08.778701 DEBUG BF_PORT SDS: 0:0:70: FW load : bcast failed: try ucast: exp=1087 : got=0
2019-12-07 13:15:08.778716 DEBUG BF_PORT SDS: 0:0:70: FW load: ucast
2019-12-07 13:15:08.778722 DEBUG BF_PORT SDS:         : FW path: /root/bf-sde-8.2.0/install/share/tofino_sds_fw/avago/firmware/serdes.0x1087_244D.rom
2019-12-07 13:15:08.778728 DEBUG BF_PORT SDS:         : FW ver : 1087
2019-12-07 13:15:09.178478 DEBUG BF_PORT SDS: 0:0:71: FW load : bcast failed: try ucast: exp=1087 : got=0
2019-12-07 13:15:09.178495 DEBUG BF_PORT SDS: 0:0:71: FW load: ucast
2019-12-07 13:15:09.178501 DEBUG BF_PORT SDS:         : FW path: /root/bf-sde-8.2.0/install/share/tofino_sds_fw/avago/firmware/serdes.0x1087_244D.rom
2019-12-07 13:15:09.178508 DEBUG BF_PORT SDS:         : FW ver : 1087
2019-12-07 13:15:09.579974 DEBUG BF_PORT SDS: 0:0:76: FW load : bcast failed: try ucast: exp=1087 : got=0
2019-12-07 13:15:09.579989 DEBUG BF_PORT SDS: 0:0:76: FW load: ucast
2019-12-07 13:15:09.579995 DEBUG BF_PORT SDS:         : FW path: /root/bf-sde-8.2.0/install/share/tofino_sds_fw/avago/firmware/serdes.0x1087_244D.rom
2019-12-07 13:15:09.580002 DEBUG BF_PORT SDS:         : FW ver : 1087
2019-12-07 13:15:09.979712 DEBUG BF_PORT SDS: 0:0:77: FW load : bcast failed: try ucast: exp=1087 : got=0
2019-12-07 13:15:09.979727 DEBUG BF_PORT SDS: 0:0:77: FW load: ucast
2019-12-07 13:15:09.979741 DEBUG BF_PORT SDS:         : FW path: /root/bf-sde-8.2.0/install/share/tofino_sds_fw/avago/firmware/serdes.0x1087_244D.rom
2019-12-07 13:15:09.979748 DEBUG BF_PORT SDS:         : FW ver : 1087
2019-12-07 13:15:10.379470 DEBUG BF_PORT SDS: 0:0:78: FW load : bcast failed: try ucast: exp=1087 : got=0
2019-12-07 13:15:10.379487 DEBUG BF_PORT SDS: 0:0:78: FW load: ucast
2019-12-07 13:15:10.379494 DEBUG BF_PORT SDS:         : FW path: /root/bf-sde-8.2.0/install/share/tofino_sds_fw/avago/firmware/serdes.0x1087_244D.rom
2019-12-07 13:15:10.379500 DEBUG BF_PORT SDS:         : FW ver : 1087
2019-12-07 13:15:10.779243 DEBUG BF_PORT SDS: 0:0:79: FW load : bcast failed: try ucast: exp=1087 : got=0
2019-12-07 13:15:10.779257 DEBUG BF_PORT SDS: 0:0:79: FW load: ucast
2019-12-07 13:15:10.779264 DEBUG BF_PORT SDS:         : FW path: /root/bf-sde-8.2.0/install/share/tofino_sds_fw/avago/firmware/serdes.0x1087_244D.rom
2019-12-07 13:15:10.779270 DEBUG BF_PORT SDS:         : FW ver : 1087
2019-12-07 13:15:11.180736 DEBUG BF_PORT SDS: 0:0:84: FW load : bcast failed: try ucast: exp=1087 : got=0
2019-12-07 13:15:11.180754 DEBUG BF_PORT SDS: 0:0:84: FW load: ucast
2019-12-07 13:15:11.180760 DEBUG BF_PORT SDS:         : FW path: /root/bf-sde-8.2.0/install/share/tofino_sds_fw/avago/firmware/serdes.0x1087_244D.rom
2019-12-07 13:15:11.180766 DEBUG BF_PORT SDS:         : FW ver : 1087
2019-12-07 13:15:11.580476 DEBUG BF_PORT SDS: 0:0:85: FW load : bcast failed: try ucast: exp=1087 : got=0
2019-12-07 13:15:11.580491 DEBUG BF_PORT SDS: 0:0:85: FW load: ucast
2019-12-07 13:15:11.580498 DEBUG BF_PORT SDS:         : FW path: /root/bf-sde-8.2.0/install/share/tofino_sds_fw/avago/firmware/serdes.0x1087_244D.rom
2019-12-07 13:15:11.580504 DEBUG BF_PORT SDS:         : FW ver : 1087
2019-12-07 13:15:11.980236 DEBUG BF_PORT SDS: 0:0:86: FW load : bcast failed: try ucast: exp=1087 : got=0
2019-12-07 13:15:11.980256 DEBUG BF_PORT SDS: 0:0:86: FW load: ucast
2019-12-07 13:15:11.980271 DEBUG BF_PORT SDS:         : FW path: /root/bf-sde-8.2.0/install/share/tofino_sds_fw/avago/firmware/serdes.0x1087_244D.rom
2019-12-07 13:15:11.980280 DEBUG BF_PORT SDS:         : FW ver : 1087
2019-12-07 13:15:12.380028 DEBUG BF_PORT SDS: 0:0:87: FW load : bcast failed: try ucast: exp=1087 : got=0
2019-12-07 13:15:12.380047 DEBUG BF_PORT SDS: 0:0:87: FW load: ucast
2019-12-07 13:15:12.380054 DEBUG BF_PORT SDS:         : FW path: /root/bf-sde-8.2.0/install/share/tofino_sds_fw/avago/firmware/serdes.0x1087_244D.rom
2019-12-07 13:15:12.380060 DEBUG BF_PORT SDS:         : FW ver : 1087
2019-12-07 13:15:12.781543 DEBUG BF_PORT SDS: 0:0:92: FW load : bcast failed: try ucast: exp=1087 : got=0
2019-12-07 13:15:12.781558 DEBUG BF_PORT SDS: 0:0:92: FW load: ucast
2019-12-07 13:15:12.781565 DEBUG BF_PORT SDS:         : FW path: /root/bf-sde-8.2.0/install/share/tofino_sds_fw/avago/firmware/serdes.0x1087_244D.rom
2019-12-07 13:15:12.781571 DEBUG BF_PORT SDS:         : FW ver : 1087
2019-12-07 13:15:13.181294 DEBUG BF_PORT SDS: 0:0:93: FW load : bcast failed: try ucast: exp=1087 : got=0
2019-12-07 13:15:13.181311 DEBUG BF_PORT SDS: 0:0:93: FW load: ucast
2019-12-07 13:15:13.181318 DEBUG BF_PORT SDS:         : FW path: /root/bf-sde-8.2.0/install/share/tofino_sds_fw/avago/firmware/serdes.0x1087_244D.rom
2019-12-07 13:15:13.181324 DEBUG BF_PORT SDS:         : FW ver : 1087
2019-12-07 13:15:13.581049 DEBUG BF_PORT SDS: 0:0:94: FW load : bcast failed: try ucast: exp=1087 : got=0
2019-12-07 13:15:13.581063 DEBUG BF_PORT SDS: 0:0:94: FW load: ucast
2019-12-07 13:15:13.581070 DEBUG BF_PORT SDS:         : FW path: /root/bf-sde-8.2.0/install/share/tofino_sds_fw/avago/firmware/serdes.0x1087_244D.rom
2019-12-07 13:15:13.581076 DEBUG BF_PORT SDS:         : FW ver : 1087
2019-12-07 13:15:13.980798 DEBUG BF_PORT SDS: 0:0:95: FW load : bcast failed: try ucast: exp=1087 : got=0
2019-12-07 13:15:13.980812 DEBUG BF_PORT SDS: 0:0:95: FW load: ucast
2019-12-07 13:15:13.980819 DEBUG BF_PORT SDS:         : FW path: /root/bf-sde-8.2.0/install/share/tofino_sds_fw/avago/firmware/serdes.0x1087_244D.rom
2019-12-07 13:15:13.980833 DEBUG BF_PORT SDS:         : FW ver : 1087
2019-12-07 13:15:14.382316 DEBUG BF_PORT SDS: 0:0:100: FW load : bcast failed: try ucast: exp=1087 : got=0
2019-12-07 13:15:14.382334 DEBUG BF_PORT SDS: 0:0:100: FW load: ucast
2019-12-07 13:15:14.382340 DEBUG BF_PORT SDS:         : FW path: /root/bf-sde-8.2.0/install/share/tofino_sds_fw/avago/firmware/serdes.0x1087_244D.rom
2019-12-07 13:15:14.382346 DEBUG BF_PORT SDS:         : FW ver : 1087
2019-12-07 13:15:14.782074 DEBUG BF_PORT SDS: 0:0:101: FW load : bcast failed: try ucast: exp=1087 : got=0
2019-12-07 13:15:14.782088 DEBUG BF_PORT SDS: 0:0:101: FW load: ucast
2019-12-07 13:15:14.782095 DEBUG BF_PORT SDS:         : FW path: /root/bf-sde-8.2.0/install/share/tofino_sds_fw/avago/firmware/serdes.0x1087_244D.rom
2019-12-07 13:15:14.782101 DEBUG BF_PORT SDS:         : FW ver : 1087
2019-12-07 13:15:15.181869 DEBUG BF_PORT SDS: 0:0:102: FW load : bcast failed: try ucast: exp=1087 : got=0
2019-12-07 13:15:15.181887 DEBUG BF_PORT SDS: 0:0:102: FW load: ucast
2019-12-07 13:15:15.181894 DEBUG BF_PORT SDS:         : FW path: /root/bf-sde-8.2.0/install/share/tofino_sds_fw/avago/firmware/serdes.0x1087_244D.rom
2019-12-07 13:15:15.181900 DEBUG BF_PORT SDS:         : FW ver : 1087
2019-12-07 13:15:15.581643 DEBUG BF_PORT SDS: 0:0:103: FW load : bcast failed: try ucast: exp=1087 : got=0
2019-12-07 13:15:15.581657 DEBUG BF_PORT SDS: 0:0:103: FW load: ucast
2019-12-07 13:15:15.581664 DEBUG BF_PORT SDS:         : FW path: /root/bf-sde-8.2.0/install/share/tofino_sds_fw/avago/firmware/serdes.0x1087_244D.rom
2019-12-07 13:15:15.581670 DEBUG BF_PORT SDS:         : FW ver : 1087
2019-12-07 13:15:15.983135 DEBUG BF_PORT SDS: 0:0:108: FW load : bcast failed: try ucast: exp=1087 : got=0
2019-12-07 13:15:15.983149 DEBUG BF_PORT SDS: 0:0:108: FW load: ucast
2019-12-07 13:15:15.983155 DEBUG BF_PORT SDS:         : FW path: /root/bf-sde-8.2.0/install/share/tofino_sds_fw/avago/firmware/serdes.0x1087_244D.rom
2019-12-07 13:15:15.983161 DEBUG BF_PORT SDS:         : FW ver : 1087
2019-12-07 13:15:16.382885 DEBUG BF_PORT SDS: 0:0:109: FW load : bcast failed: try ucast: exp=1087 : got=0
2019-12-07 13:15:16.382903 DEBUG BF_PORT SDS: 0:0:109: FW load: ucast
2019-12-07 13:15:16.382909 DEBUG BF_PORT SDS:         : FW path: /root/bf-sde-8.2.0/install/share/tofino_sds_fw/avago/firmware/serdes.0x1087_244D.rom
2019-12-07 13:15:16.382915 DEBUG BF_PORT SDS:         : FW ver : 1087
2019-12-07 13:15:16.782642 DEBUG BF_PORT SDS: 0:0:110: FW load : bcast failed: try ucast: exp=1087 : got=0
2019-12-07 13:15:16.782656 DEBUG BF_PORT SDS: 0:0:110: FW load: ucast
2019-12-07 13:15:16.782663 DEBUG BF_PORT SDS:         : FW path: /root/bf-sde-8.2.0/install/share/tofino_sds_fw/avago/firmware/serdes.0x1087_244D.rom
2019-12-07 13:15:16.782669 DEBUG BF_PORT SDS:         : FW ver : 1087
2019-12-07 13:15:17.182429 DEBUG BF_PORT SDS: 0:0:111: FW load : bcast failed: try ucast: exp=1087 : got=0
2019-12-07 13:15:17.182449 DEBUG BF_PORT SDS: 0:0:111: FW load: ucast
